56.78 34.55
44.4 34.67
32 34.7
12.8 -12.56
-45.45 -34.34
56.78 34.55
44.4 34.67
32 34.7
12.8 -12.56
-45.45 -34.34
42.34 -20.234
20.245 32.24567
-15.3245 4.35 
43.24 -28.24 
0.56 27.7 
49.435 17
-18 -2
26 -36
-5 -37
55 30
60 11
56 -33
-49 46
58 13
53 19
-47 -17.34546
7.3453 -7.3454
56.78 34.55
42.4 34.67
34 34.7
15.8 -13.56
-45.45 34.34
52.78 34.55
4.4 34.67
32 3.7
12.8 -12.56
-4.45 34.34
25.34 -20.234
20.245 -32.24567
-1.3245 4.35 
43.24 28.24 
-0.56 27.7 
-94.435 17
-18 -32
16 -36
-5 37
55 34
61 18
53 -39
-92 43
